((2 1) (3 4) (4 1) (5 1) (6 5) (7 1) (8 5) (9 10) (10 11) (11 12) (12 1))
((2 1) (3 4) (4 1) (5 1) (6 5) (7 1) (8 5) (9 8) (10 11) (11 12) (12 1))
((2 1) (3 4) (4 1) (5 1) (6 5) (7 1) (8 5) (9 8) (10 9) (11 12) (12 1))
((2 1) (3 4) (4 1) (5 1) (6 5) (7 1) (8 9) (9 10) (10 11) (11 12) (12 1))
((2 1) (3 4) (4 1) (5 1) (6 7) (7 1) (8 9) (9 10) (10 11) (11 12) (12 1))
((2 1) (3 4) (4 1) (5 1) (6 7) (7 1) (8 5) (9 10) (10 11) (11 12) (12 1))
((2 1) (3 4) (4 1) (5 1) (6 7) (7 1) (8 5) (9 8) (10 11) (11 12) (12 1))
((2 1) (3 4) (4 1) (5 1) (6 7) (7 1) (8 5) (9 8) (10 9) (11 12) (12 1))
((2 1) (3 4) (4 1) (5 8) (6 7) (7 1) (8 9) (9 10) (10 11) (11 12) (12 1))
((2 1) (3 4) (4 1) (5 6) (6 7) (7 1) (8 9) (9 10) (10 11) (11 12) (12 1))
((2 1) (3 4) (4 1) (5 8) (6 5) (7 1) (8 9) (9 10) (10 11) (11 12) (12 1))
((2 1) (3 4) (4 1) (5 6) (6 7) (7 1) (8 5) (9 10) (10 11) (11 12) (12 1))
((2 1) (3 4) (4 1) (5 6) (6 7) (7 1) (8 5) (9 8) (10 11) (11 12) (12 1))
((2 1) (3 4) (4 1) (5 6) (6 7) (7 1) (8 5) (9 8) (10 9) (11 12) (12 1))
((2 1) (3 4) (4 5) (5 8) (6 7) (7 1) (8 9) (9 10) (10 11) (11 12) (12 1))
((2 1) (3 4) (4 5) (5 6) (6 7) (7 1) (8 9) (9 10) (10 11) (11 12) (12 1))
((2 1) (3 4) (4 5) (5 8) (6 5) (7 1) (8 9) (9 10) (10 11) (11 12) (12 1))
((2 1) (3 4) (4 5) (5 6) (6 7) (7 1) (8 5) (9 10) (10 11) (11 12) (12 1))
((2 1) (3 4) (4 5) (5 6) (6 7) (7 1) (8 5) (9 8) (10 11) (11 12) (12 1))
((2 1) (3 4) (4 5) (5 6) (6 7) (7 1) (8 5) (9 8) (10 9) (11 12) (12 1))
((2 1) (3 4) (4 5) (5 1) (6 5) (7 1) (8 5) (9 10) (10 11) (11 12) (12 1))
((2 1) (3 4) (4 5) (5 1) (6 5) (7 1) (8 5) (9 8) (10 11) (11 12) (12 1))
((2 1) (3 4) (4 5) (5 1) (6 5) (7 1) (8 5) (9 8) (10 9) (11 12) (12 1))
((2 1) (3 4) (4 5) (5 1) (6 5) (7 1) (8 9) (9 10) (10 11) (11 12) (12 1))
((2 1) (3 4) (4 5) (5 1) (6 7) (7 1) (8 9) (9 10) (10 11) (11 12) (12 1))
((2 1) (3 4) (4 5) (5 1) (6 7) (7 1) (8 5) (9 10) (10 11) (11 12) (12 1))
((2 1) (3 4) (4 5) (5 1) (6 7) (7 1) (8 5) (9 8) (10 11) (11 12) (12 1))
((2 1) (3 4) (4 5) (5 1) (6 7) (7 1) (8 5) (9 8) (10 9) (11 12) (12 1))
((2 3) (3 4) (4 5) (5 1) (6 5) (7 1) (8 5) (9 10) (10 11) (11 12) (12 1))
((2 3) (3 4) (4 5) (5 1) (6 5) (7 1) (8 5) (9 8) (10 11) (11 12) (12 1))
((2 3) (3 4) (4 5) (5 1) (6 5) (7 1) (8 5) (9 8) (10 9) (11 12) (12 1))
((2 3) (3 4) (4 5) (5 1) (6 5) (7 1) (8 9) (9 10) (10 11) (11 12) (12 1))
((2 3) (3 4) (4 5) (5 1) (6 7) (7 1) (8 9) (9 10) (10 11) (11 12) (12 1))
((2 3) (3 4) (4 5) (5 1) (6 7) (7 1) (8 5) (9 10) (10 11) (11 12) (12 1))
((2 3) (3 4) (4 5) (5 1) (6 7) (7 1) (8 5) (9 8) (10 11) (11 12) (12 1))
((2 3) (3 4) (4 5) (5 1) (6 7) (7 1) (8 5) (9 8) (10 9) (11 12) (12 1))
((2 3) (3 4) (4 5) (5 8) (6 7) (7 1) (8 9) (9 10) (10 11) (11 12) (12 1))
((2 3) (3 4) (4 5) (5 6) (6 7) (7 1) (8 9) (9 10) (10 11) (11 12) (12 1))
((2 3) (3 4) (4 5) (5 8) (6 5) (7 1) (8 9) (9 10) (10 11) (11 12) (12 1))
((2 3) (3 4) (4 5) (5 6) (6 7) (7 1) (8 5) (9 10) (10 11) (11 12) (12 1))
((2 3) (3 4) (4 5) (5 6) (6 7) (7 1) (8 5) (9 8) (10 11) (11 12) (12 1))
((2 3) (3 4) (4 5) (5 6) (6 7) (7 1) (8 5) (9 8) (10 9) (11 12) (12 1))
((2 3) (3 4) (4 1) (5 8) (6 7) (7 1) (8 9) (9 10) (10 11) (11 12) (12 1))
((2 3) (3 4) (4 1) (5 6) (6 7) (7 1) (8 9) (9 10) (10 11) (11 12) (12 1))
((2 3) (3 4) (4 1) (5 8) (6 5) (7 1) (8 9) (9 10) (10 11) (11 12) (12 1))
((2 3) (3 4) (4 1) (5 6) (6 7) (7 1) (8 5) (9 10) (10 11) (11 12) (12 1))
((2 3) (3 4) (4 1) (5 6) (6 7) (7 1) (8 5) (9 8) (10 11) (11 12) (12 1))
((2 3) (3 4) (4 1) (5 6) (6 7) (7 1) (8 5) (9 8) (10 9) (11 12) (12 1))
((2 3) (3 4) (4 1) (5 1) (6 5) (7 1) (8 5) (9 10) (10 11) (11 12) (12 1))
((2 3) (3 4) (4 1) (5 1) (6 5) (7 1) (8 5) (9 8) (10 11) (11 12) (12 1))
((2 3) (3 4) (4 1) (5 1) (6 5) (7 1) (8 5) (9 8) (10 9) (11 12) (12 1))
((2 3) (3 4) (4 1) (5 1) (6 5) (7 1) (8 9) (9 10) (10 11) (11 12) (12 1))
((2 3) (3 4) (4 1) (5 1) (6 7) (7 1) (8 9) (9 10) (10 11) (11 12) (12 1))
((2 3) (3 4) (4 1) (5 1) (6 7) (7 1) (8 5) (9 10) (10 11) (11 12) (12 1))
((2 3) (3 4) (4 1) (5 1) (6 7) (7 1) (8 5) (9 8) (10 11) (11 12) (12 1))
((2 3) (3 4) (4 1) (5 1) (6 7) (7 1) (8 5) (9 8) (10 9) (11 12) (12 1))
((1 2) (3 4) (4 1) (5 1) (6 5) (7 1) (8 5) (9 10) (10 11) (11 12) (12 1))
((1 2) (3 4) (4 1) (5 1) (6 5) (7 1) (8 5) (9 8) (10 11) (11 12) (12 1))
((1 2) (3 4) (4 1) (5 1) (6 5) (7 1) (8 5) (9 8) (10 9) (11 12) (12 1))
((1 2) (3 4) (4 1) (5 1) (6 5) (7 1) (8 9) (9 10) (10 11) (11 12) (12 1))
((1 2) (3 4) (4 1) (5 1) (6 7) (7 1) (8 9) (9 10) (10 11) (11 12) (12 1))
((1 2) (3 4) (4 1) (5 1) (6 7) (7 1) (8 5) (9 10) (10 11) (11 12) (12 1))
((1 2) (3 4) (4 1) (5 1) (6 7) (7 1) (8 5) (9 8) (10 11) (11 12) (12 1))
((1 2) (3 4) (4 1) (5 1) (6 7) (7 1) (8 5) (9 8) (10 9) (11 12) (12 1))
((1 2) (3 4) (4 1) (5 8) (6 7) (7 1) (8 9) (9 10) (10 11) (11 12) (12 1))
((1 2) (3 4) (4 1) (5 6) (6 7) (7 1) (8 9) (9 10) (10 11) (11 12) (12 1))
((1 2) (3 4) (4 1) (5 8) (6 5) (7 1) (8 9) (9 10) (10 11) (11 12) (12 1))
((1 2) (3 4) (4 1) (5 6) (6 7) (7 1) (8 5) (9 10) (10 11) (11 12) (12 1))
((1 2) (3 4) (4 1) (5 6) (6 7) (7 1) (8 5) (9 8) (10 11) (11 12) (12 1))
((1 2) (3 4) (4 1) (5 6) (6 7) (7 1) (8 5) (9 8) (10 9) (11 12) (12 1))
((1 2) (3 4) (4 5) (5 8) (6 7) (7 1) (8 9) (9 10) (10 11) (11 12) (12 1))
((1 2) (3 4) (4 5) (5 6) (6 7) (7 1) (8 9) (9 10) (10 11) (11 12) (12 1))
((1 2) (3 4) (4 5) (5 8) (6 5) (7 1) (8 9) (9 10) (10 11) (11 12) (12 1))
((1 2) (3 4) (4 5) (5 6) (6 7) (7 1) (8 5) (9 10) (10 11) (11 12) (12 1))
((1 2) (3 4) (4 5) (5 6) (6 7) (7 1) (8 5) (9 8) (10 11) (11 12) (12 1))
((1 2) (3 4) (4 5) (5 6) (6 7) (7 1) (8 5) (9 8) (10 9) (11 12) (12 1))
((1 2) (3 4) (4 5) (5 1) (6 5) (7 1) (8 5) (9 10) (10 11) (11 12) (12 1))
((1 2) (3 4) (4 5) (5 1) (6 5) (7 1) (8 5) (9 8) (10 11) (11 12) (12 1))
((1 2) (3 4) (4 5) (5 1) (6 5) (7 1) (8 5) (9 8) (10 9) (11 12) (12 1))
((1 2) (3 4) (4 5) (5 1) (6 5) (7 1) (8 9) (9 10) (10 11) (11 12) (12 1))
((1 2) (3 4) (4 5) (5 1) (6 7) (7 1) (8 9) (9 10) (10 11) (11 12) (12 1))
((1 2) (3 4) (4 5) (5 1) (6 7) (7 1) (8 5) (9 10) (10 11) (11 12) (12 1))
((1 2) (3 4) (4 5) (5 1) (6 7) (7 1) (8 5) (9 8) (10 11) (11 12) (12 1))
((1 2) (3 4) (4 5) (5 1) (6 7) (7 1) (8 5) (9 8) (10 9) (11 12) (12 1))
((1 2) (2 3) (4 1) (5 1) (6 5) (7 1) (8 5) (9 10) (10 11) (11 12) (12 1))
((1 2) (2 3) (4 1) (5 1) (6 5) (7 1) (8 5) (9 8) (10 11) (11 12) (12 1))
((1 2) (2 3) (4 1) (5 1) (6 5) (7 1) (8 5) (9 8) (10 9) (11 12) (12 1))
((1 2) (2 3) (4 1) (5 1) (6 5) (7 1) (8 9) (9 10) (10 11) (11 12) (12 1))
((1 2) (2 3) (4 1) (5 1) (6 7) (7 1) (8 9) (9 10) (10 11) (11 12) (12 1))
((1 2) (2 3) (4 1) (5 1) (6 7) (7 1) (8 5) (9 10) (10 11) (11 12) (12 1))
((1 2) (2 3) (4 1) (5 1) (6 7) (7 1) (8 5) (9 8) (10 11) (11 12) (12 1))
((1 2) (2 3) (4 1) (5 1) (6 7) (7 1) (8 5) (9 8) (10 9) (11 12) (12 1))
((1 2) (2 3) (4 1) (5 8) (6 7) (7 1) (8 9) (9 10) (10 11) (11 12) (12 1))
((1 2) (2 3) (4 1) (5 6) (6 7) (7 1) (8 9) (9 10) (10 11) (11 12) (12 1))
((1 2) (2 3) (4 1) (5 8) (6 5) (7 1) (8 9) (9 10) (10 11) (11 12) (12 1))
((1 2) (2 3) (4 1) (5 6) (6 7) (7 1) (8 5) (9 10) (10 11) (11 12) (12 1))
((1 2) (2 3) (4 1) (5 6) (6 7) (7 1) (8 5) (9 8) (10 11) (11 12) (12 1))
((1 2) (2 3) (4 1) (5 6) (6 7) (7 1) (8 5) (9 8) (10 9) (11 12) (12 1))
((1 2) (2 3) (4 5) (5 8) (6 7) (7 1) (8 9) (9 10) (10 11) (11 12) (12 1))
((1 2) (2 3) (4 5) (5 6) (6 7) (7 1) (8 9) (9 10) (10 11) (11 12) (12 1))
((1 2) (2 3) (4 5) (5 8) (6 5) (7 1) (8 9) (9 10) (10 11) (11 12) (12 1))
((1 2) (2 3) (4 5) (5 6) (6 7) (7 1) (8 5) (9 10) (10 11) (11 12) (12 1))
((1 2) (2 3) (4 5) (5 6) (6 7) (7 1) (8 5) (9 8) (10 11) (11 12) (12 1))
((1 2) (2 3) (4 5) (5 6) (6 7) (7 1) (8 5) (9 8) (10 9) (11 12) (12 1))
((1 2) (2 3) (4 5) (5 1) (6 5) (7 1) (8 5) (9 10) (10 11) (11 12) (12 1))
((1 2) (2 3) (4 5) (5 1) (6 5) (7 1) (8 5) (9 8) (10 11) (11 12) (12 1))
((1 2) (2 3) (4 5) (5 1) (6 5) (7 1) (8 5) (9 8) (10 9) (11 12) (12 1))
((1 2) (2 3) (4 5) (5 1) (6 5) (7 1) (8 9) (9 10) (10 11) (11 12) (12 1))
((1 2) (2 3) (4 5) (5 1) (6 7) (7 1) (8 9) (9 10) (10 11) (11 12) (12 1))
((1 2) (2 3) (4 5) (5 1) (6 7) (7 1) (8 5) (9 10) (10 11) (11 12) (12 1))
((1 2) (2 3) (4 5) (5 1) (6 7) (7 1) (8 5) (9 8) (10 11) (11 12) (12 1))
((1 2) (2 3) (4 5) (5 1) (6 7) (7 1) (8 5) (9 8) (10 9) (11 12) (12 1))
((1 4) (2 1) (3 4) (5 1) (6 5) (7 1) (8 5) (9 10) (10 11) (11 12) (12 1))
((1 4) (2 1) (3 4) (5 1) (6 5) (7 1) (8 5) (9 8) (10 11) (11 12) (12 1))
((1 4) (2 1) (3 4) (5 1) (6 5) (7 1) (8 5) (9 8) (10 9) (11 12) (12 1))
((1 4) (2 1) (3 4) (5 1) (6 5) (7 1) (8 9) (9 10) (10 11) (11 12) (12 1))
((1 4) (2 1) (3 4) (5 1) (6 7) (7 1) (8 9) (9 10) (10 11) (11 12) (12 1))
((1 4) (2 1) (3 4) (5 1) (6 7) (7 1) (8 5) (9 10) (10 11) (11 12) (12 1))
((1 4) (2 1) (3 4) (5 1) (6 7) (7 1) (8 5) (9 8) (10 11) (11 12) (12 1))
((1 4) (2 1) (3 4) (5 1) (6 7) (7 1) (8 5) (9 8) (10 9) (11 12) (12 1))
((1 4) (2 1) (3 4) (5 8) (6 7) (7 1) (8 9) (9 10) (10 11) (11 12) (12 1))
((1 4) (2 1) (3 4) (5 6) (6 7) (7 1) (8 9) (9 10) (10 11) (11 12) (12 1))
((1 4) (2 1) (3 4) (5 8) (6 5) (7 1) (8 9) (9 10) (10 11) (11 12) (12 1))
((1 4) (2 1) (3 4) (5 6) (6 7) (7 1) (8 5) (9 10) (10 11) (11 12) (12 1))
((1 4) (2 1) (3 4) (5 6) (6 7) (7 1) (8 5) (9 8) (10 11) (11 12) (12 1))
((1 4) (2 1) (3 4) (5 6) (6 7) (7 1) (8 5) (9 8) (10 9) (11 12) (12 1))
((1 2) (2 3) (3 4) (5 8) (6 7) (7 1) (8 9) (9 10) (10 11) (11 12) (12 1))
((1 2) (2 3) (3 4) (5 6) (6 7) (7 1) (8 9) (9 10) (10 11) (11 12) (12 1))
((1 2) (2 3) (3 4) (5 8) (6 5) (7 1) (8 9) (9 10) (10 11) (11 12) (12 1))
((1 2) (2 3) (3 4) (5 6) (6 7) (7 1) (8 5) (9 10) (10 11) (11 12) (12 1))
((1 2) (2 3) (3 4) (5 6) (6 7) (7 1) (8 5) (9 8) (10 11) (11 12) (12 1))
((1 2) (2 3) (3 4) (5 6) (6 7) (7 1) (8 5) (9 8) (10 9) (11 12) (12 1))
((1 2) (2 3) (3 4) (5 1) (6 5) (7 1) (8 5) (9 10) (10 11) (11 12) (12 1))
((1 2) (2 3) (3 4) (5 1) (6 5) (7 1) (8 5) (9 8) (10 11) (11 12) (12 1))
((1 2) (2 3) (3 4) (5 1) (6 5) (7 1) (8 5) (9 8) (10 9) (11 12) (12 1))
((1 2) (2 3) (3 4) (5 1) (6 5) (7 1) (8 9) (9 10) (10 11) (11 12) (12 1))
((1 2) (2 3) (3 4) (5 1) (6 7) (7 1) (8 9) (9 10) (10 11) (11 12) (12 1))
((1 2) (2 3) (3 4) (5 1) (6 7) (7 1) (8 5) (9 10) (10 11) (11 12) (12 1))
((1 2) (2 3) (3 4) (5 1) (6 7) (7 1) (8 5) (9 8) (10 11) (11 12) (12 1))
((1 2) (2 3) (3 4) (5 1) (6 7) (7 1) (8 5) (9 8) (10 9) (11 12) (12 1))
((1 4) (2 3) (3 4) (5 8) (6 7) (7 1) (8 9) (9 10) (10 11) (11 12) (12 1))
((1 4) (2 3) (3 4) (5 6) (6 7) (7 1) (8 9) (9 10) (10 11) (11 12) (12 1))
((1 4) (2 3) (3 4) (5 8) (6 5) (7 1) (8 9) (9 10) (10 11) (11 12) (12 1))
((1 4) (2 3) (3 4) (5 6) (6 7) (7 1) (8 5) (9 10) (10 11) (11 12) (12 1))
((1 4) (2 3) (3 4) (5 6) (6 7) (7 1) (8 5) (9 8) (10 11) (11 12) (12 1))
((1 4) (2 3) (3 4) (5 6) (6 7) (7 1) (8 5) (9 8) (10 9) (11 12) (12 1))
((1 4) (2 3) (3 4) (5 1) (6 5) (7 1) (8 5) (9 10) (10 11) (11 12) (12 1))
((1 4) (2 3) (3 4) (5 1) (6 5) (7 1) (8 5) (9 8) (10 11) (11 12) (12 1))
((1 4) (2 3) (3 4) (5 1) (6 5) (7 1) (8 5) (9 8) (10 9) (11 12) (12 1))
((1 4) (2 3) (3 4) (5 1) (6 5) (7 1) (8 9) (9 10) (10 11) (11 12) (12 1))
((1 4) (2 3) (3 4) (5 1) (6 7) (7 1) (8 9) (9 10) (10 11) (11 12) (12 1))
((1 4) (2 3) (3 4) (5 1) (6 7) (7 1) (8 5) (9 10) (10 11) (11 12) (12 1))
((1 4) (2 3) (3 4) (5 1) (6 7) (7 1) (8 5) (9 8) (10 11) (11 12) (12 1))
((1 4) (2 3) (3 4) (5 1) (6 7) (7 1) (8 5) (9 8) (10 9) (11 12) (12 1))
((1 5) (2 1) (3 4) (4 1) (6 5) (7 1) (8 5) (9 10) (10 11) (11 12) (12 1))
((1 5) (2 1) (3 4) (4 1) (6 5) (7 1) (8 5) (9 8) (10 11) (11 12) (12 1))
((1 5) (2 1) (3 4) (4 1) (6 5) (7 1) (8 5) (9 8) (10 9) (11 12) (12 1))
((1 5) (2 1) (3 4) (4 1) (6 5) (7 1) (8 9) (9 10) (10 11) (11 12) (12 1))
((1 5) (2 1) (3 4) (4 1) (6 7) (7 1) (8 9) (9 10) (10 11) (11 12) (12 1))
((1 5) (2 1) (3 4) (4 1) (6 7) (7 1) (8 5) (9 10) (10 11) (11 12) (12 1))
((1 5) (2 1) (3 4) (4 1) (6 7) (7 1) (8 5) (9 8) (10 11) (11 12) (12 1))
((1 5) (2 1) (3 4) (4 1) (6 7) (7 1) (8 5) (9 8) (10 9) (11 12) (12 1))
((1 4) (2 1) (3 4) (4 5) (6 5) (7 1) (8 5) (9 10) (10 11) (11 12) (12 1))
((1 4) (2 1) (3 4) (4 5) (6 5) (7 1) (8 5) (9 8) (10 11) (11 12) (12 1))
((1 4) (2 1) (3 4) (4 5) (6 5) (7 1) (8 5) (9 8) (10 9) (11 12) (12 1))
((1 4) (2 1) (3 4) (4 5) (6 5) (7 1) (8 9) (9 10) (10 11) (11 12) (12 1))
((1 4) (2 1) (3 4) (4 5) (6 7) (7 1) (8 9) (9 10) (10 11) (11 12) (12 1))
((1 4) (2 1) (3 4) (4 5) (6 7) (7 1) (8 5) (9 10) (10 11) (11 12) (12 1))
((1 4) (2 1) (3 4) (4 5) (6 7) (7 1) (8 5) (9 8) (10 11) (11 12) (12 1))
((1 4) (2 1) (3 4) (4 5) (6 7) (7 1) (8 5) (9 8) (10 9) (11 12) (12 1))
((1 2) (2 3) (3 4) (4 5) (6 5) (7 1) (8 5) (9 10) (10 11) (11 12) (12 1))
((1 2) (2 3) (3 4) (4 5) (6 5) (7 1) (8 5) (9 8) (10 11) (11 12) (12 1))
((1 2) (2 3) (3 4) (4 5) (6 5) (7 1) (8 5) (9 8) (10 9) (11 12) (12 1))
((1 2) (2 3) (3 4) (4 5) (6 5) (7 1) (8 9) (9 10) (10 11) (11 12) (12 1))
((1 2) (2 3) (3 4) (4 5) (6 7) (7 1) (8 9) (9 10) (10 11) (11 12) (12 1))
((1 2) (2 3) (3 4) (4 5) (6 7) (7 1) (8 5) (9 10) (10 11) (11 12) (12 1))
((1 2) (2 3) (3 4) (4 5) (6 7) (7 1) (8 5) (9 8) (10 11) (11 12) (12 1))
((1 2) (2 3) (3 4) (4 5) (6 7) (7 1) (8 5) (9 8) (10 9) (11 12) (12 1))
((1 5) (2 1) (3 4) (4 5) (6 5) (7 1) (8 5) (9 10) (10 11) (11 12) (12 1))
((1 5) (2 1) (3 4) (4 5) (6 5) (7 1) (8 5) (9 8) (10 11) (11 12) (12 1))
((1 5) (2 1) (3 4) (4 5) (6 5) (7 1) (8 5) (9 8) (10 9) (11 12) (12 1))
((1 5) (2 1) (3 4) (4 5) (6 5) (7 1) (8 9) (9 10) (10 11) (11 12) (12 1))
((1 5) (2 1) (3 4) (4 5) (6 7) (7 1) (8 9) (9 10) (10 11) (11 12) (12 1))
((1 5) (2 1) (3 4) (4 5) (6 7) (7 1) (8 5) (9 10) (10 11) (11 12) (12 1))
((1 5) (2 1) (3 4) (4 5) (6 7) (7 1) (8 5) (9 8) (10 11) (11 12) (12 1))
((1 5) (2 1) (3 4) (4 5) (6 7) (7 1) (8 5) (9 8) (10 9) (11 12) (12 1))
((1 5) (2 3) (3 4) (4 5) (6 5) (7 1) (8 5) (9 10) (10 11) (11 12) (12 1))
((1 5) (2 3) (3 4) (4 5) (6 5) (7 1) (8 5) (9 8) (10 11) (11 12) (12 1))
((1 5) (2 3) (3 4) (4 5) (6 5) (7 1) (8 5) (9 8) (10 9) (11 12) (12 1))
((1 5) (2 3) (3 4) (4 5) (6 5) (7 1) (8 9) (9 10) (10 11) (11 12) (12 1))
((1 5) (2 3) (3 4) (4 5) (6 7) (7 1) (8 9) (9 10) (10 11) (11 12) (12 1))
((1 5) (2 3) (3 4) (4 5) (6 7) (7 1) (8 5) (9 10) (10 11) (11 12) (12 1))
((1 5) (2 3) (3 4) (4 5) (6 7) (7 1) (8 5) (9 8) (10 11) (11 12) (12 1))
((1 5) (2 3) (3 4) (4 5) (6 7) (7 1) (8 5) (9 8) (10 9) (11 12) (12 1))
((1 4) (2 3) (3 4) (4 5) (6 5) (7 1) (8 5) (9 10) (10 11) (11 12) (12 1))
((1 4) (2 3) (3 4) (4 5) (6 5) (7 1) (8 5) (9 8) (10 11) (11 12) (12 1))
((1 4) (2 3) (3 4) (4 5) (6 5) (7 1) (8 5) (9 8) (10 9) (11 12) (12 1))
((1 4) (2 3) (3 4) (4 5) (6 5) (7 1) (8 9) (9 10) (10 11) (11 12) (12 1))
((1 4) (2 3) (3 4) (4 5) (6 7) (7 1) (8 9) (9 10) (10 11) (11 12) (12 1))
((1 4) (2 3) (3 4) (4 5) (6 7) (7 1) (8 5) (9 10) (10 11) (11 12) (12 1))
((1 4) (2 3) (3 4) (4 5) (6 7) (7 1) (8 5) (9 8) (10 11) (11 12) (12 1))
((1 4) (2 3) (3 4) (4 5) (6 7) (7 1) (8 5) (9 8) (10 9) (11 12) (12 1))
((1 5) (2 3) (3 4) (4 1) (6 5) (7 1) (8 5) (9 10) (10 11) (11 12) (12 1))
((1 5) (2 3) (3 4) (4 1) (6 5) (7 1) (8 5) (9 8) (10 11) (11 12) (12 1))
((1 5) (2 3) (3 4) (4 1) (6 5) (7 1) (8 5) (9 8) (10 9) (11 12) (12 1))
((1 5) (2 3) (3 4) (4 1) (6 5) (7 1) (8 9) (9 10) (10 11) (11 12) (12 1))
((1 5) (2 3) (3 4) (4 1) (6 7) (7 1) (8 9) (9 10) (10 11) (11 12) (12 1))
((1 5) (2 3) (3 4) (4 1) (6 7) (7 1) (8 5) (9 10) (10 11) (11 12) (12 1))
((1 5) (2 3) (3 4) (4 1) (6 7) (7 1) (8 5) (9 8) (10 11) (11 12) (12 1))
((1 5) (2 3) (3 4) (4 1) (6 7) (7 1) (8 5) (9 8) (10 9) (11 12) (12 1))
((1 5) (2 1) (3 4) (4 1) (5 6) (7 1) (8 5) (9 10) (10 11) (11 12) (12 1))
((1 5) (2 1) (3 4) (4 1) (5 6) (7 1) (8 5) (9 8) (10 11) (11 12) (12 1))
((1 5) (2 1) (3 4) (4 1) (5 6) (7 1) (8 5) (9 8) (10 9) (11 12) (12 1))
((1 5) (2 1) (3 4) (4 1) (5 6) (7 1) (8 9) (9 10) (10 11) (11 12) (12 1))
((1 4) (2 1) (3 4) (4 5) (5 6) (7 1) (8 5) (9 10) (10 11) (11 12) (12 1))
((1 4) (2 1) (3 4) (4 5) (5 6) (7 1) (8 5) (9 8) (10 11) (11 12) (12 1))
((1 4) (2 1) (3 4) (4 5) (5 6) (7 1) (8 5) (9 8) (10 9) (11 12) (12 1))
((1 4) (2 1) (3 4) (4 5) (5 6) (7 1) (8 9) (9 10) (10 11) (11 12) (12 1))
((1 2) (2 3) (3 4) (4 5) (5 6) (7 1) (8 5) (9 10) (10 11) (11 12) (12 1))
((1 2) (2 3) (3 4) (4 5) (5 6) (7 1) (8 5) (9 8) (10 11) (11 12) (12 1))
((1 2) (2 3) (3 4) (4 5) (5 6) (7 1) (8 5) (9 8) (10 9) (11 12) (12 1))
((1 2) (2 3) (3 4) (4 5) (5 6) (7 1) (8 9) (9 10) (10 11) (11 12) (12 1))
((1 5) (2 1) (3 4) (4 5) (5 6) (7 1) (8 5) (9 10) (10 11) (11 12) (12 1))
((1 5) (2 1) (3 4) (4 5) (5 6) (7 1) (8 5) (9 8) (10 11) (11 12) (12 1))
((1 5) (2 1) (3 4) (4 5) (5 6) (7 1) (8 5) (9 8) (10 9) (11 12) (12 1))
((1 5) (2 1) (3 4) (4 5) (5 6) (7 1) (8 9) (9 10) (10 11) (11 12) (12 1))
((1 5) (2 3) (3 4) (4 5) (5 6) (7 1) (8 5) (9 10) (10 11) (11 12) (12 1))
((1 5) (2 3) (3 4) (4 5) (5 6) (7 1) (8 5) (9 8) (10 11) (11 12) (12 1))
((1 5) (2 3) (3 4) (4 5) (5 6) (7 1) (8 5) (9 8) (10 9) (11 12) (12 1))
((1 5) (2 3) (3 4) (4 5) (5 6) (7 1) (8 9) (9 10) (10 11) (11 12) (12 1))
((1 4) (2 3) (3 4) (4 5) (5 6) (7 1) (8 5) (9 10) (10 11) (11 12) (12 1))
((1 4) (2 3) (3 4) (4 5) (5 6) (7 1) (8 5) (9 8) (10 11) (11 12) (12 1))
((1 4) (2 3) (3 4) (4 5) (5 6) (7 1) (8 5) (9 8) (10 9) (11 12) (12 1))
((1 4) (2 3) (3 4) (4 5) (5 6) (7 1) (8 9) (9 10) (10 11) (11 12) (12 1))
((1 5) (2 3) (3 4) (4 1) (5 6) (7 1) (8 5) (9 10) (10 11) (11 12) (12 1))
((1 5) (2 3) (3 4) (4 1) (5 6) (7 1) (8 5) (9 8) (10 11) (11 12) (12 1))
((1 5) (2 3) (3 4) (4 1) (5 6) (7 1) (8 5) (9 8) (10 9) (11 12) (12 1))
((1 5) (2 3) (3 4) (4 1) (5 6) (7 1) (8 9) (9 10) (10 11) (11 12) (12 1))
((1 5) (2 1) (3 4) (4 1) (5 6) (6 7) (8 5) (9 10) (10 11) (11 12) (12 1))
((1 5) (2 1) (3 4) (4 1) (5 6) (6 7) (8 5) (9 8) (10 11) (11 12) (12 1))
((1 5) (2 1) (3 4) (4 1) (5 6) (6 7) (8 5) (9 8) (10 9) (11 12) (12 1))
((1 5) (2 1) (3 4) (4 1) (5 6) (6 7) (8 9) (9 10) (10 11) (11 12) (12 1))
((1 4) (2 1) (3 4) (4 5) (5 6) (6 7) (8 5) (9 10) (10 11) (11 12) (12 1))
((1 4) (2 1) (3 4) (4 5) (5 6) (6 7) (8 5) (9 8) (10 11) (11 12) (12 1))
((1 4) (2 1) (3 4) (4 5) (5 6) (6 7) (8 5) (9 8) (10 9) (11 12) (12 1))
((1 4) (2 1) (3 4) (4 5) (5 6) (6 7) (8 9) (9 10) (10 11) (11 12) (12 1))
((1 2) (2 3) (3 4) (4 5) (5 6) (6 7) (8 5) (9 10) (10 11) (11 12) (12 1))
((1 2) (2 3) (3 4) (4 5) (5 6) (6 7) (8 5) (9 8) (10 11) (11 12) (12 1))
((1 2) (2 3) (3 4) (4 5) (5 6) (6 7) (8 5) (9 8) (10 9) (11 12) (12 1))
((1 2) (2 3) (3 4) (4 5) (5 6) (6 7) (8 9) (9 10) (10 11) (11 12) (12 1))
((1 5) (2 1) (3 4) (4 5) (5 6) (6 7) (8 5) (9 10) (10 11) (11 12) (12 1))
((1 5) (2 1) (3 4) (4 5) (5 6) (6 7) (8 5) (9 8) (10 11) (11 12) (12 1))
((1 5) (2 1) (3 4) (4 5) (5 6) (6 7) (8 5) (9 8) (10 9) (11 12) (12 1))
((1 5) (2 1) (3 4) (4 5) (5 6) (6 7) (8 9) (9 10) (10 11) (11 12) (12 1))
((1 5) (2 3) (3 4) (4 5) (5 6) (6 7) (8 5) (9 10) (10 11) (11 12) (12 1))
((1 5) (2 3) (3 4) (4 5) (5 6) (6 7) (8 5) (9 8) (10 11) (11 12) (12 1))
((1 5) (2 3) (3 4) (4 5) (5 6) (6 7) (8 5) (9 8) (10 9) (11 12) (12 1))
((1 5) (2 3) (3 4) (4 5) (5 6) (6 7) (8 9) (9 10) (10 11) (11 12) (12 1))
((1 4) (2 3) (3 4) (4 5) (5 6) (6 7) (8 5) (9 10) (10 11) (11 12) (12 1))
((1 4) (2 3) (3 4) (4 5) (5 6) (6 7) (8 5) (9 8) (10 11) (11 12) (12 1))
((1 4) (2 3) (3 4) (4 5) (5 6) (6 7) (8 5) (9 8) (10 9) (11 12) (12 1))
((1 4) (2 3) (3 4) (4 5) (5 6) (6 7) (8 9) (9 10) (10 11) (11 12) (12 1))
((1 5) (2 3) (3 4) (4 1) (5 6) (6 7) (8 5) (9 10) (10 11) (11 12) (12 1))
((1 5) (2 3) (3 4) (4 1) (5 6) (6 7) (8 5) (9 8) (10 11) (11 12) (12 1))
((1 5) (2 3) (3 4) (4 1) (5 6) (6 7) (8 5) (9 8) (10 9) (11 12) (12 1))
((1 5) (2 3) (3 4) (4 1) (5 6) (6 7) (8 9) (9 10) (10 11) (11 12) (12 1))
((1 5) (2 1) (3 4) (4 1) (5 8) (6 5) (7 1) (9 10) (10 11) (11 12) (12 1))
((1 5) (2 1) (3 4) (4 1) (5 8) (6 5) (7 1) (9 8) (10 11) (11 12) (12 1))
((1 5) (2 1) (3 4) (4 1) (5 8) (6 5) (7 1) (9 8) (10 9) (11 12) (12 1))
((1 5) (2 1) (3 4) (4 1) (5 8) (6 7) (7 1) (9 10) (10 11) (11 12) (12 1))
((1 5) (2 1) (3 4) (4 1) (5 8) (6 7) (7 1) (9 8) (10 11) (11 12) (12 1))
((1 5) (2 1) (3 4) (4 1) (5 8) (6 7) (7 1) (9 8) (10 9) (11 12) (12 1))
((1 4) (2 1) (3 4) (4 5) (5 8) (6 5) (7 1) (9 10) (10 11) (11 12) (12 1))
((1 4) (2 1) (3 4) (4 5) (5 8) (6 5) (7 1) (9 8) (10 11) (11 12) (12 1))
((1 4) (2 1) (3 4) (4 5) (5 8) (6 5) (7 1) (9 8) (10 9) (11 12) (12 1))
((1 4) (2 1) (3 4) (4 5) (5 8) (6 7) (7 1) (9 10) (10 11) (11 12) (12 1))
((1 4) (2 1) (3 4) (4 5) (5 8) (6 7) (7 1) (9 8) (10 11) (11 12) (12 1))
((1 4) (2 1) (3 4) (4 5) (5 8) (6 7) (7 1) (9 8) (10 9) (11 12) (12 1))
((1 2) (2 3) (3 4) (4 5) (5 8) (6 5) (7 1) (9 10) (10 11) (11 12) (12 1))
((1 2) (2 3) (3 4) (4 5) (5 8) (6 5) (7 1) (9 8) (10 11) (11 12) (12 1))
((1 2) (2 3) (3 4) (4 5) (5 8) (6 5) (7 1) (9 8) (10 9) (11 12) (12 1))
((1 2) (2 3) (3 4) (4 5) (5 8) (6 7) (7 1) (9 10) (10 11) (11 12) (12 1))
((1 2) (2 3) (3 4) (4 5) (5 8) (6 7) (7 1) (9 8) (10 11) (11 12) (12 1))
((1 2) (2 3) (3 4) (4 5) (5 8) (6 7) (7 1) (9 8) (10 9) (11 12) (12 1))
((1 5) (2 1) (3 4) (4 5) (5 8) (6 5) (7 1) (9 10) (10 11) (11 12) (12 1))
((1 5) (2 1) (3 4) (4 5) (5 8) (6 5) (7 1) (9 8) (10 11) (11 12) (12 1))
((1 5) (2 1) (3 4) (4 5) (5 8) (6 5) (7 1) (9 8) (10 9) (11 12) (12 1))
((1 5) (2 1) (3 4) (4 5) (5 8) (6 7) (7 1) (9 10) (10 11) (11 12) (12 1))
((1 5) (2 1) (3 4) (4 5) (5 8) (6 7) (7 1) (9 8) (10 11) (11 12) (12 1))
((1 5) (2 1) (3 4) (4 5) (5 8) (6 7) (7 1) (9 8) (10 9) (11 12) (12 1))
((1 5) (2 3) (3 4) (4 5) (5 8) (6 5) (7 1) (9 10) (10 11) (11 12) (12 1))
((1 5) (2 3) (3 4) (4 5) (5 8) (6 5) (7 1) (9 8) (10 11) (11 12) (12 1))
((1 5) (2 3) (3 4) (4 5) (5 8) (6 5) (7 1) (9 8) (10 9) (11 12) (12 1))
((1 5) (2 3) (3 4) (4 5) (5 8) (6 7) (7 1) (9 10) (10 11) (11 12) (12 1))
((1 5) (2 3) (3 4) (4 5) (5 8) (6 7) (7 1) (9 8) (10 11) (11 12) (12 1))
((1 5) (2 3) (3 4) (4 5) (5 8) (6 7) (7 1) (9 8) (10 9) (11 12) (12 1))
((1 4) (2 3) (3 4) (4 5) (5 8) (6 5) (7 1) (9 10) (10 11) (11 12) (12 1))
((1 4) (2 3) (3 4) (4 5) (5 8) (6 5) (7 1) (9 8) (10 11) (11 12) (12 1))
((1 4) (2 3) (3 4) (4 5) (5 8) (6 5) (7 1) (9 8) (10 9) (11 12) (12 1))
((1 4) (2 3) (3 4) (4 5) (5 8) (6 7) (7 1) (9 10) (10 11) (11 12) (12 1))
((1 4) (2 3) (3 4) (4 5) (5 8) (6 7) (7 1) (9 8) (10 11) (11 12) (12 1))
((1 4) (2 3) (3 4) (4 5) (5 8) (6 7) (7 1) (9 8) (10 9) (11 12) (12 1))
((1 5) (2 3) (3 4) (4 1) (5 8) (6 5) (7 1) (9 10) (10 11) (11 12) (12 1))
((1 5) (2 3) (3 4) (4 1) (5 8) (6 5) (7 1) (9 8) (10 11) (11 12) (12 1))
((1 5) (2 3) (3 4) (4 1) (5 8) (6 5) (7 1) (9 8) (10 9) (11 12) (12 1))
((1 5) (2 3) (3 4) (4 1) (5 8) (6 7) (7 1) (9 10) (10 11) (11 12) (12 1))
((1 5) (2 3) (3 4) (4 1) (5 8) (6 7) (7 1) (9 8) (10 11) (11 12) (12 1))
((1 5) (2 3) (3 4) (4 1) (5 8) (6 7) (7 1) (9 8) (10 9) (11 12) (12 1))
((1 5) (2 1) (3 4) (4 1) (5 8) (6 5) (7 1) (8 9) (10 11) (11 12) (12 1))
((1 5) (2 1) (3 4) (4 1) (5 8) (6 5) (7 1) (8 9) (10 9) (11 12) (12 1))
((1 5) (2 1) (3 4) (4 1) (5 8) (6 7) (7 1) (8 9) (10 11) (11 12) (12 1))
((1 5) (2 1) (3 4) (4 1) (5 8) (6 7) (7 1) (8 9) (10 9) (11 12) (12 1))
((1 4) (2 1) (3 4) (4 5) (5 8) (6 5) (7 1) (8 9) (10 11) (11 12) (12 1))
((1 4) (2 1) (3 4) (4 5) (5 8) (6 5) (7 1) (8 9) (10 9) (11 12) (12 1))
((1 4) (2 1) (3 4) (4 5) (5 8) (6 7) (7 1) (8 9) (10 11) (11 12) (12 1))
((1 4) (2 1) (3 4) (4 5) (5 8) (6 7) (7 1) (8 9) (10 9) (11 12) (12 1))
((1 2) (2 3) (3 4) (4 5) (5 8) (6 5) (7 1) (8 9) (10 11) (11 12) (12 1))
((1 2) (2 3) (3 4) (4 5) (5 8) (6 5) (7 1) (8 9) (10 9) (11 12) (12 1))
((1 2) (2 3) (3 4) (4 5) (5 8) (6 7) (7 1) (8 9) (10 11) (11 12) (12 1))
((1 2) (2 3) (3 4) (4 5) (5 8) (6 7) (7 1) (8 9) (10 9) (11 12) (12 1))
((1 5) (2 1) (3 4) (4 5) (5 8) (6 5) (7 1) (8 9) (10 11) (11 12) (12 1))
((1 5) (2 1) (3 4) (4 5) (5 8) (6 5) (7 1) (8 9) (10 9) (11 12) (12 1))
((1 5) (2 1) (3 4) (4 5) (5 8) (6 7) (7 1) (8 9) (10 11) (11 12) (12 1))
((1 5) (2 1) (3 4) (4 5) (5 8) (6 7) (7 1) (8 9) (10 9) (11 12) (12 1))
((1 5) (2 3) (3 4) (4 5) (5 8) (6 5) (7 1) (8 9) (10 11) (11 12) (12 1))
((1 5) (2 3) (3 4) (4 5) (5 8) (6 5) (7 1) (8 9) (10 9) (11 12) (12 1))
((1 5) (2 3) (3 4) (4 5) (5 8) (6 7) (7 1) (8 9) (10 11) (11 12) (12 1))
((1 5) (2 3) (3 4) (4 5) (5 8) (6 7) (7 1) (8 9) (10 9) (11 12) (12 1))
((1 4) (2 3) (3 4) (4 5) (5 8) (6 5) (7 1) (8 9) (10 11) (11 12) (12 1))
((1 4) (2 3) (3 4) (4 5) (5 8) (6 5) (7 1) (8 9) (10 9) (11 12) (12 1))
((1 4) (2 3) (3 4) (4 5) (5 8) (6 7) (7 1) (8 9) (10 11) (11 12) (12 1))
((1 4) (2 3) (3 4) (4 5) (5 8) (6 7) (7 1) (8 9) (10 9) (11 12) (12 1))
((1 5) (2 3) (3 4) (4 1) (5 8) (6 5) (7 1) (8 9) (10 11) (11 12) (12 1))
((1 5) (2 3) (3 4) (4 1) (5 8) (6 5) (7 1) (8 9) (10 9) (11 12) (12 1))
((1 5) (2 3) (3 4) (4 1) (5 8) (6 7) (7 1) (8 9) (10 11) (11 12) (12 1))
((1 5) (2 3) (3 4) (4 1) (5 8) (6 7) (7 1) (8 9) (10 9) (11 12) (12 1))
((1 5) (2 1) (3 4) (4 1) (5 8) (6 5) (7 1) (8 9) (9 10) (11 12) (12 1))
((1 5) (2 1) (3 4) (4 1) (5 8) (6 7) (7 1) (8 9) (9 10) (11 12) (12 1))
((1 4) (2 1) (3 4) (4 5) (5 8) (6 5) (7 1) (8 9) (9 10) (11 12) (12 1))
((1 4) (2 1) (3 4) (4 5) (5 8) (6 7) (7 1) (8 9) (9 10) (11 12) (12 1))
((1 2) (2 3) (3 4) (4 5) (5 8) (6 5) (7 1) (8 9) (9 10) (11 12) (12 1))
((1 2) (2 3) (3 4) (4 5) (5 8) (6 7) (7 1) (8 9) (9 10) (11 12) (12 1))
((1 5) (2 1) (3 4) (4 5) (5 8) (6 5) (7 1) (8 9) (9 10) (11 12) (12 1))
((1 5) (2 1) (3 4) (4 5) (5 8) (6 7) (7 1) (8 9) (9 10) (11 12) (12 1))
((1 5) (2 3) (3 4) (4 5) (5 8) (6 5) (7 1) (8 9) (9 10) (11 12) (12 1))
((1 5) (2 3) (3 4) (4 5) (5 8) (6 7) (7 1) (8 9) (9 10) (11 12) (12 1))
((1 4) (2 3) (3 4) (4 5) (5 8) (6 5) (7 1) (8 9) (9 10) (11 12) (12 1))
((1 4) (2 3) (3 4) (4 5) (5 8) (6 7) (7 1) (8 9) (9 10) (11 12) (12 1))
((1 5) (2 3) (3 4) (4 1) (5 8) (6 5) (7 1) (8 9) (9 10) (11 12) (12 1))
((1 5) (2 3) (3 4) (4 1) (5 8) (6 7) (7 1) (8 9) (9 10) (11 12) (12 1))
((1 5) (2 1) (3 4) (4 1) (5 8) (6 5) (7 1) (8 9) (9 10) (10 11) (12 1))
((1 5) (2 1) (3 4) (4 1) (5 8) (6 7) (7 1) (8 9) (9 10) (10 11) (12 1))
((1 4) (2 1) (3 4) (4 5) (5 8) (6 5) (7 1) (8 9) (9 10) (10 11) (12 1))
((1 4) (2 1) (3 4) (4 5) (5 8) (6 7) (7 1) (8 9) (9 10) (10 11) (12 1))
((1 2) (2 3) (3 4) (4 5) (5 8) (6 5) (7 1) (8 9) (9 10) (10 11) (12 1))
((1 2) (2 3) (3 4) (4 5) (5 8) (6 7) (7 1) (8 9) (9 10) (10 11) (12 1))
((1 5) (2 1) (3 4) (4 5) (5 8) (6 5) (7 1) (8 9) (9 10) (10 11) (12 1))
((1 5) (2 1) (3 4) (4 5) (5 8) (6 7) (7 1) (8 9) (9 10) (10 11) (12 1))
((1 5) (2 3) (3 4) (4 5) (5 8) (6 5) (7 1) (8 9) (9 10) (10 11) (12 1))
((1 5) (2 3) (3 4) (4 5) (5 8) (6 7) (7 1) (8 9) (9 10) (10 11) (12 1))
((1 4) (2 3) (3 4) (4 5) (5 8) (6 5) (7 1) (8 9) (9 10) (10 11) (12 1))
((1 4) (2 3) (3 4) (4 5) (5 8) (6 7) (7 1) (8 9) (9 10) (10 11) (12 1))
((1 5) (2 3) (3 4) (4 1) (5 8) (6 5) (7 1) (8 9) (9 10) (10 11) (12 1))
((1 5) (2 3) (3 4) (4 1) (5 8) (6 7) (7 1) (8 9) (9 10) (10 11) (12 1))
((1 5) (2 1) (3 4) (4 1) (5 8) (6 5) (7 1) (8 9) (9 10) (10 11) (11 12))
((1 5) (2 1) (3 4) (4 1) (5 8) (6 7) (7 1) (8 9) (9 10) (10 11) (11 12))
((1 4) (2 1) (3 4) (4 5) (5 8) (6 5) (7 1) (8 9) (9 10) (10 11) (11 12))
((1 4) (2 1) (3 4) (4 5) (5 8) (6 7) (7 1) (8 9) (9 10) (10 11) (11 12))
((1 2) (2 3) (3 4) (4 5) (5 8) (6 5) (7 1) (8 9) (9 10) (10 11) (11 12))
((1 2) (2 3) (3 4) (4 5) (5 8) (6 7) (7 1) (8 9) (9 10) (10 11) (11 12))
((1 5) (2 1) (3 4) (4 5) (5 8) (6 5) (7 1) (8 9) (9 10) (10 11) (11 12))
((1 5) (2 1) (3 4) (4 5) (5 8) (6 7) (7 1) (8 9) (9 10) (10 11) (11 12))
((1 5) (2 3) (3 4) (4 5) (5 8) (6 5) (7 1) (8 9) (9 10) (10 11) (11 12))
((1 5) (2 3) (3 4) (4 5) (5 8) (6 7) (7 1) (8 9) (9 10) (10 11) (11 12))
((1 4) (2 3) (3 4) (4 5) (5 8) (6 5) (7 1) (8 9) (9 10) (10 11) (11 12))
((1 4) (2 3) (3 4) (4 5) (5 8) (6 7) (7 1) (8 9) (9 10) (10 11) (11 12))
((1 5) (2 3) (3 4) (4 1) (5 8) (6 5) (7 1) (8 9) (9 10) (10 11) (11 12))
((1 5) (2 3) (3 4) (4 1) (5 8) (6 7) (7 1) (8 9) (9 10) (10 11) (11 12))
